SerialEMCalibrations
ImageShiftMatrix	65
1 0 3.156758 -3.618665 -3.591582 -3.114515   40
2 0 4.032784 -4.473775 -4.455864 -3.976481   50
3 0 5.173998 -5.772400 -5.748812 -5.107689   64
4 0 6.497575 -7.273322 -7.241008 -6.432940   81
4 1 -13.674536 -13.031636 -12.878988 13.782279   135
5 0 7.668717 -8.640645 -8.512512 -7.642454   100
5 1 -17.734072 -17.202478 -16.969013 17.852119   175
6 0 9.721700 -10.953356 -10.760166 -9.669991   130
6 1 -22.114107 -21.466776 -21.112993 22.220650   220
7 0 12.461435 -14.025227 -13.817804 -12.373269   165
7 1 -28.004629 -27.498762 -26.953157 28.215998   275
8 0 15.728273 -17.651501 -17.427095 -15.583283   205
8 1 -40.724445 -39.516212 -39.891151 41.530350   360
9 0 20.193527 -22.628401 -22.362484 -19.968334   260
9 1 -46.924591 -46.398922 -45.355450 47.683865   470
10 0 25.298836 -28.397114 -28.101873 -25.069752   320
10 1 -56.440750 -56.116470 -54.418041 57.787670   580
11 0 32.540520 -36.503216 -36.154461 -32.208652   410
11 1 -82.753868 -81.576576 -81.917061 84.914429   740
12 0 41.139774 -46.180901 -45.719662 -40.702244   520
12 1 -105.344460 -103.527374 -104.197617 107.853828   940
13 0 52.080090 -58.364784 -57.919147 -51.547478   660
13 1 -135.631638 -133.430145 -134.349319 139.103058   1200
14 0 66.227638 -74.041489 -73.600037 -65.423126   830
14 1 -172.667419 -169.357437 -170.561218 176.964020   1550
15 0 83.583755 -93.973381 -93.603966 -82.551773   1050
15 1 -220.527985 -216.321442 -218.013397 225.434647   1950
16 0 92.748322 -104.513199 -104.140388 -91.621727   1150
16 1 -265.639771 -261.743958 -259.129425 273.993866   2500
17 0 191.268417 86.561745 89.840431 -192.487442   1700
17 1 -131.056625 300.700653 299.939117 127.534927   2250
18 0 245.090561 100.318420 105.655220 -244.928482   2200
18 1 -231.275040 466.766754 467.749725 219.307861   3600
19 0 315.841675 140.644333 144.985184 -318.688568   2850
19 1 -253.617859 608.009949 608.069336 239.232620   4800
20 0 424.195770 185.465103 191.599701 -427.867249   3800
20 1 -351.481079 818.887146 828.947266 330.870453   6500
21 0 561.913147 256.030762 265.384003 -565.112671   5000
21 1 -504.691803 1080.416016 1077.757080 477.533875   8700
22 0 734.360107 319.601929 331.375488 -740.091675   6500
22 1 -641.718140 1402.439697 1397.571411 605.711731   11500
23 0 1009.082336 436.407745 449.797150 -1008.537231   8700
23 1 -833.729431 1829.667114 1822.022217 787.128357   15000
24 0 1235.389771 535.908447 549.441528 -1236.520386   11000
24 1 -1155.099731 2556.845215 2570.996338 1100.983643   19500
25 0 1546.026489 671.131165 686.160950 -1546.321533   14000
25 1 -1649.775513 3393.398193 3416.130127 1557.775879   26000
26 0 1959.370728 850.158203 868.951111 -1957.894897   18000
26 1 -2135.685059 4218.866699 4238.742188 2027.852783   33000
27 0 2465.414063 1070.734375 1095.984741 -2462.959717   22500
27 1 -2428.463867 5287.583496 5287.586426 2304.563477   42000
28 0 3175.879150 1376.546143 1411.492065 -3172.712402   29000
28 1 -3168.780518 6746.854492 6760.641113 2995.402588   53000
29 0 4042.650879 1750.065552 1799.773926 -4040.397461   37000
29 1 -3822.947266 8265.930664 8284.653320 3598.132568   64000
30 0 5221.626465 2261.263916 2329.738281 -5226.342285   47000
30 1 -4981.151855 10316.575195 10350.819336 4682.660645   81000
31 0 6588.132813 2802.031006 2909.997070 -6629.707520   59000
31 1 -6354.141602 13194.859375 13212.655273 5958.180664   105000
32 0 8471.814453 3602.345703 3742.598145 -8522.420898   75000
32 1 -7791.492188 16948.740234 16942.482422 7342.267090   130000
33 0 10870.554688 4620.891602 4803.313477 -10931.882813   96000
34 0 13748.890625 5850.302246 6078.407227 -13819.428711   120000
34 1 -12687.085938 27628.943359 27802.744141 11990.672852   215000
35 0 17419.091797 7399.471680 7697.730957 -17499.166016   155000
StageToCameraMatrix 6 1 1.816315 28.095495 -28.601427 1.574258   0.000000   220
StageToCameraMatrix 16 0 149.264679 -8.028999 7.665071 145.413040   0.000000   1150
StageToCameraMatrix 16 1 43.003822 389.807617 -405.199707 35.887173   0.000000   2500
StageToCameraMatrix 17 0 213.859467 14.730683 -16.150202 208.535645   -0.000743   1700
StageToCameraMatrix 17 1 33.618221 -319.254456 330.587463 32.649723   0.000800   2250
HighFocusMagCal 9 0 -358.508209 0.161435 1.302463 -8.947731 0.110257 100
IntensityToC2Factor 1.000000 1.000000
C2SpotOffset 1 0.000000 0.000000
C2SpotOffset 2 0.000000 0.000000
C2SpotOffset 3 0.000000 0.000000
C2SpotOffset 4 0.000000 0.000000
C2SpotOffset 5 0.000000 0.000000
C2SpotOffset 6 0.000000 0.000000
C2SpotOffset 7 0.000000 0.000000
C2SpotOffset 8 0.000000 0.000000
C2SpotOffset 9 0.000000 0.000000
C2SpotOffset 10 0.000000 0.000000
C2SpotOffset 11 0.000000 0.000000
CrossoverIntensity 1 0.111326 0.109899
CrossoverIntensity 2 0.110180 0.110276
CrossoverIntensity 3 0.109851 0.110360
CrossoverIntensity 4 0.109888 0.110346
CrossoverIntensity 5 0.109954 0.110316
CrossoverIntensity 6 0.110154 0.110257
CrossoverIntensity 7 0.110341 0.110209
CrossoverIntensity 8 0.110485 0.110165
CrossoverIntensity 9 0.110640 0.110133
CrossoverIntensity 10 0.110745 0.110100
CrossoverIntensity 11 0.110805 0.110068
CrossCalAtC2Aperture 100 100
FocusCalibration 30 1 -28.553799 -0.409633 1.60 13 0 1   81000
-37.618359 1038.428955 -14.380548
-31.618359 883.939941 -8.888653
-25.618359 725.435486 -3.987322
-19.618359 558.840637 -0.635715
-13.618359 389.955109 1.544982
-7.618359 218.893204 1.942019
-1.618359 46.742153 0.623034
4.381641 -126.537064 -2.533165
10.381641 -300.580139 -7.509604
16.381641 -475.695618 -14.331781
22.381641 -651.686035 -23.115154
28.381641 -828.347900 -33.670479
34.381641 -1005.537781 -45.237900
FocusCalibration 32 1 62.257484 -34.925667 1.60 13 0 0   130000
-36.494354 -2118.811523 1258.923096
-30.494354 -1788.745483 1065.233032
-24.494354 -1454.518555 865.347473
-18.494354 -1113.277954 654.988770
-12.494353 -760.986023 442.742188
-6.494353 -400.107697 231.057632
-0.494353 -30.185623 19.163109
5.505647 348.046936 -192.182129
11.505647 734.812378 -402.994537
17.505646 1129.473999 -612.766479
23.505646 1533.117310 -821.614746
29.505646 1945.957397 -1029.293091
35.505646 2363.436523 -1236.390869
STEMnormalizedSlope 0.000000 0.000000
AstigmatismCalib 32 1 -999 -1.000000 3.200000 0.078040 2.033793 -2.017434 0.124706 -21.523996 -28.433580 -28.760473 21.846666 -28.313810 21.354734 20.576065 28.155014   75000
AstigmatismCalib 32 0 -999 -1.000000 3.200000 1.364379 -2.697739 2.680432 1.300879 7.128253 54.183002 54.009209 -7.964916 53.134998 -7.487574 -6.074394 -52.927097   75000
ComaCalib 32 1 -999 -1.000000 10.000000 0.018708 0.128489 -0.379842 0.003147 -0.008427 0.383909 -0.133797 0.028946   75000
ComaCalib 32 0 -999 -1.000000 10.000000 0.665554 -0.440972 1.302987 0.151379 0.248276 -1.151008 0.390103 0.547376   75000
BeamIntensityTable 57 33 9 0 0.000000 100 1   96000
0.004190 0.571914
0.005064 0.528805
0.006062 0.492783
0.007257 0.461897
0.008897 0.429491
0.010697 0.399793
0.012383 0.377858
0.015137 0.355349
0.018266 0.333467
0.021191 0.316504
0.025601 0.299639
0.031457 0.281234
0.039600 0.259126
0.049061 0.246225
0.058062 0.234525
0.068867 0.219840
0.079465 0.204186
0.092037 0.191720
0.107852 0.180986
0.127159 0.171373
0.145370 0.164368
0.172459 0.157844
0.205920 0.151532
0.246626 0.146835
0.291923 0.142507
0.335951 0.139183
0.389848 0.136477
0.472280 0.133638
0.545352 0.131402
0.654696 0.129164
0.757494 0.127377
0.884499 0.125859
1.059598 0.124357
1.246074 0.123023
1.428522 0.122039
1.775481 0.120867
2.040371 0.119974
2.449997 0.119078
2.785919 0.118447
3.336932 0.117822
3.869547 0.117315
4.699661 0.116774
5.512080 0.116301
6.570190 0.115846
7.890231 0.115389
9.219864 0.114997
11.151993 0.114588
12.723553 0.114292
15.121603 0.114012
18.100531 0.113736
21.469519 0.113477
25.099094 0.113256
30.057808 0.113049
36.037121 0.112843
42.302910 0.112663
49.985435 0.112497
61.455589 0.112297
BeamIntensityTable 59 33 7 0 0.000000 100 1   96000
0.014609 0.562213
0.017378 0.524847
0.020749 0.490329
0.024482 0.460338
0.029164 0.432591
0.034555 0.407551
0.041206 0.383999
0.049084 0.361891
0.058232 0.341549
0.068929 0.323026
0.081320 0.306452
0.096581 0.290993
0.114292 0.276851
0.138469 0.262084
0.160022 0.250730
0.192309 0.239350
0.231735 0.227764
0.267417 0.210297
0.310608 0.196003
0.358658 0.184760
0.415452 0.175718
0.491202 0.167430
0.569964 0.160683
0.670939 0.154657
0.766610 0.150257
0.933753 0.145396
1.077723 0.141577
1.268419 0.138168
1.475629 0.135340
1.726996 0.132902
2.052341 0.130595
2.413126 0.128547
2.809863 0.126838
3.315804 0.125286
3.926733 0.123848
4.631010 0.122546
5.295883 0.121524
6.508489 0.120369
7.419233 0.119539
8.659959 0.118835
10.471001 0.118102
12.174376 0.117496
14.254368 0.116972
17.116652 0.116446
20.316204 0.115952
24.037098 0.115496
28.354580 0.115083
34.017933 0.114677
40.006813 0.114317
46.958233 0.114000
55.680885 0.113704
66.807335 0.113408
77.626595 0.113165
91.971039 0.112939
108.017273 0.112739
129.644821 0.112540
154.591766 0.112348
180.290588 0.112187
225.873932 0.111987
BeamIntensityTable 46 33 8 2 0.110165 100 0   96000
0.074844 0.649917
0.091847 0.489611
0.111649 0.319631
0.133197 0.296672
0.153190 0.279185
0.177530 0.265126
0.211595 0.251661
0.254343 0.238129
0.294010 0.223135
0.336809 0.211993
0.400926 0.201374
0.459113 0.193499
0.546815 0.185963
0.648576 0.178920
0.756803 0.172968
0.884453 0.167885
1.114846 0.161438
1.315553 0.155589
1.584867 0.147465
1.903099 0.139820
2.194406 0.136078
2.632379 0.132343
3.011097 0.129591
3.435703 0.127601
4.079319 0.125727
4.759731 0.124141
5.580512 0.122758
6.557227 0.121535
7.678310 0.120476
9.494900 0.119243
10.707713 0.118339
12.656975 0.117510
14.836008 0.116787
17.427073 0.116149
20.409378 0.115597
24.087027 0.115094
28.973253 0.114586
33.247665 0.114187
39.339748 0.113818
47.920807 0.113420
55.302910 0.113106
64.155434 0.112851
75.130318 0.112630
88.853973 0.112427
104.890915 0.112242
126.994240 0.112042
BeamIntensityTable 44 33 9 0 0.110133 100 0   96000
0.062821 0.491978
0.070808 0.338830
0.084734 0.289201
0.097424 0.272394
0.115633 0.256747
0.133239 0.244681
0.160094 0.232613
0.187011 0.222385
0.224105 0.212283
0.266499 0.195533
0.319040 0.185513
0.389986 0.174510
0.465079 0.168763
0.583350 0.161636
0.718059 0.153526
0.819322 0.147666
0.958716 0.142621
1.119703 0.138330
1.277876 0.135223
1.554951 0.131881
1.814191 0.129037
2.123753 0.126580
2.429898 0.124766
2.825104 0.123267
3.320224 0.121940
3.879525 0.120808
4.572941 0.119786
5.378310 0.118877
6.385818 0.118022
7.358818 0.117356
8.806126 0.116701
10.486228 0.116074
12.801063 0.115386
14.825091 0.114832
16.857075 0.114442
20.721527 0.114000
25.149025 0.113531
30.293293 0.113040
35.202393 0.112797
41.453644 0.112578
49.591152 0.112363
58.083088 0.112177
68.743828 0.112005
84.842102 0.111805
BeamIntensityTable 27 33 10 2 0.110100 100 0   96000
0.832402 0.339058
0.964892 0.242605
1.102599 0.169381
1.290186 0.152742
1.499835 0.139011
1.709752 0.133179
1.985041 0.128406
2.324231 0.126169
2.751147 0.124101
3.130142 0.122637
3.730756 0.121228
4.270969 0.120183
5.015888 0.119262
6.110561 0.118265
7.164439 0.116894
8.174210 0.115902
9.787333 0.114918
11.163731 0.114438
13.438281 0.113949
15.844011 0.113508
18.337580 0.113154
21.055111 0.112886
24.681376 0.112652
29.694431 0.112415
34.523479 0.112218
42.031902 0.112005
49.147217 0.111805
BeamIntensityTable 57 33 7 0 0.110209 100 0   96000
0.025567 0.593887
0.030755 0.544692
0.036810 0.499949
0.042475 0.465688
0.051252 0.431130
0.059567 0.403142
0.071706 0.375099
0.083611 0.351775
0.099010 0.330385
0.115365 0.312615
0.142834 0.291960
0.165341 0.276473
0.196386 0.261938
0.228313 0.249985
0.275369 0.237749
0.320723 0.227551
0.381007 0.217944
0.451435 0.209029
0.532574 0.200963
0.629314 0.193591
0.744015 0.186831
0.881369 0.180558
1.069154 0.174057
1.234259 0.168941
1.543040 0.162680
1.949187 0.154661
2.253223 0.148289
2.590600 0.143415
3.039528 0.139143
3.527232 0.135658
4.090237 0.132828
4.824496 0.130266
5.654718 0.128035
6.864755 0.125567
8.239495 0.123935
9.626225 0.122543
11.119787 0.121441
13.228986 0.120392
15.669172 0.119418
18.435928 0.118549
21.521223 0.117812
25.583923 0.117113
30.058165 0.116495
35.492695 0.115932
42.839661 0.115377
49.781471 0.114920
59.567608 0.114470
69.317299 0.114096
83.335556 0.113718
99.605164 0.113348
120.248497 0.112964
142.629593 0.112734
167.295639 0.112534
200.476135 0.112335
234.227432 0.112165
278.094696 0.112005
349.281555 0.111805
BeamIntensityTable 59 33 6 0 0.110257 100 0   96000
0.057394 0.600710
0.067762 0.551070
0.079030 0.509751
0.093241 0.472708
0.109750 0.439913
0.130294 0.409305
0.152195 0.383406
0.185668 0.355333
0.214047 0.312401
0.248281 0.294918
0.293615 0.278895
0.345920 0.264533
0.404171 0.252306
0.485697 0.240012
0.572006 0.229301
0.674433 0.219639
0.796668 0.210824
0.943145 0.202674
1.124737 0.194809
1.314391 0.188094
1.556551 0.181869
1.848384 0.176006
2.179301 0.170713
2.590998 0.165691
3.082436 0.160886
3.622078 0.154845
4.141475 0.148899
4.840442 0.143813
5.630967 0.139595
6.576715 0.136003
7.626308 0.133087
8.935273 0.130553
10.483022 0.128334
12.280368 0.126407
14.304134 0.124796
16.936199 0.123303
19.736816 0.122045
22.784842 0.121054
28.212311 0.119894
32.502056 0.118992
38.115334 0.118205
45.080761 0.117480
53.059174 0.116832
61.976925 0.116280
74.172279 0.115736
87.785034 0.115233
103.694672 0.114774
120.208290 0.114406
146.579559 0.114005
172.005402 0.113653
205.904999 0.113306
237.538010 0.113034
276.746826 0.112806
326.392883 0.112599
385.668976 0.112410
459.062469 0.112230
539.838745 0.112070
638.834595 0.111921
768.950623 0.111771
BeamIntensityTable 61 34 5 0 0.110082 70 1   120000
0.014919 0.701053
0.018195 0.646250
0.021023 0.604938
0.025678 0.561492
0.030235 0.523849
0.036098 0.488335
0.042582 0.456956
0.049958 0.430046
0.059614 0.404433
0.070440 0.381349
0.083659 0.359853
0.099389 0.339761
0.117087 0.321867
0.138668 0.305394
0.165033 0.289770
0.193909 0.275791
0.230699 0.262534
0.276394 0.249445
0.323884 0.233588
0.373453 0.213037
0.429818 0.197232
0.497724 0.184544
0.572835 0.174781
0.672155 0.166233
0.781051 0.159202
0.925629 0.152661
1.068797 0.147763
1.249425 0.143572
1.472613 0.139797
1.723133 0.136546
2.013841 0.133767
2.360292 0.131349
2.778730 0.129185
3.301263 0.127141
3.988751 0.125020
4.775051 0.123573
5.728752 0.122128
6.644307 0.120981
7.747558 0.120016
9.465421 0.118955
10.880268 0.118145
12.840480 0.117408
15.023427 0.116774
17.808619 0.116183
20.904678 0.115663
24.617220 0.115197
29.208918 0.114760
34.770023 0.114342
41.085800 0.113965
48.299152 0.113630
57.387089 0.113314
68.493835 0.113007
80.053024 0.112745
94.733940 0.112502
111.835106 0.112281
132.387817 0.112074
156.623413 0.111883
185.006546 0.111709
219.915497 0.111544
260.647919 0.111390
330.239868 0.111190
BeamIntensityTable 48 35 6 2 0.110222 70 1   155000
0.051216 0.804058
0.059047 0.579700
0.073883 0.424343
0.086672 0.378909
0.099403 0.345121
0.119151 0.311338
0.139722 0.292256
0.163899 0.275662
0.193652 0.260564
0.233554 0.245122
0.266881 0.227827
0.302460 0.201709
0.347132 0.182035
0.407810 0.164698
0.481145 0.156775
0.549772 0.150992
0.648443 0.145765
0.748556 0.141655
0.875987 0.138115
1.014421 0.135270
1.228802 0.132280
1.444867 0.128414
1.695327 0.126115
1.998224 0.124043
2.302408 0.122434
2.630983 0.121257
3.114993 0.120167
3.651739 0.119217
4.294824 0.118372
5.030791 0.117639
5.922394 0.116983
6.920412 0.116423
8.491247 0.115794
10.186357 0.115191
11.937236 0.114665
13.677012 0.114274
16.281679 0.113899
19.229330 0.113557
22.389462 0.113272
26.677864 0.112997
31.100681 0.112737
36.200665 0.112520
43.190521 0.112310
50.926769 0.112121
60.154449 0.111947
71.032089 0.111790
83.735359 0.111647
101.558365 0.111497
BeamShiftCalibration 32 0.464151 -0.966749 -0.943922 -0.455668 -999 1  75000
BeamShiftCalibration 16 -0.867973 0.553649 0.526576 0.882168 -999 1  1150
BeamShiftCalibration 32 0.915954 -0.649269 -0.625477 -0.921055 -999 0  75000
SpotIntensities 11
1 1.000000 0.116526 0.000000 1.000000 0.126923 0.109899
2 0.335989 0.116526 0.000000 0.506599 0.126923 0.110276
3 0.152405 0.116526 0.000000 0.254089 0.126923 0.110360
4 0.077124 0.116526 0.000000 0.126858 0.126923 0.110346
5 0.039684 0.116526 0.000000 0.063652 0.126923 0.110316
6 0.021290 0.116526 0.000000 0.031948 0.126923 0.110257
7 0.011284 0.116526 0.000000 0.016116 0.126923 0.110209
8 0.006292 0.116526 0.000000 0.008311 0.126923 0.110165
9 0.003499 0.116526 0.000000 0.004581 0.126923 0.110133
10 0.002152 0.116526 0.000000 0.002886 0.126923 0.110100
11 0.001630 0.116526 0.000000 0.002380 0.126923 0.110068
SpotCalAtC2Aperture 100 100 0 0
StandardLMFocus 17 -0.002345 -999.000000 1700
StandardLMFocus 20 -0.000782 -999.000000 3800
StandardLMFocus 25 -999.000000 -0.000856 14000
StandardLMFocus 31 0.000286 0.000312 59000
StandardLMFocus 32 0.000201 0.000273 75000
