SerialEMCalibrations
ImageShiftMatrix	63
2 1 10.356322 -15.446776 -15.130303 -10.844027   34
3 1 13.247129 -20.802509 -20.396164 -14.025788   46
4 1 17.098982 -27.571342 -27.021549 -18.072290   62
5 1 23.192766 -37.080757 -36.386398 -24.433315   84
6 0 4.497379 -7.162302 -7.013495 -4.683958   115
6 1 31.034109 -49.983620 -49.108810 -32.755871   115
7 0 6.092387 -9.667040 -9.473867 -6.339495   155
7 1 42.200115 -67.381508 -65.197861 -44.341618   155
8 0 8.195905 -12.838953 -12.594393 -8.537854   210
8 1 56.658455 -89.828346 -87.284142 -58.589401   210
9 0 10.985515 -17.306835 -16.940739 -11.433673   280
9 1 75.916649 -120.925957 -117.436874 -79.055717   280
10 0 14.629902 -23.349903 -22.853045 -15.224073   380
10 1 101.425018 -163.230484 -158.938690 -105.915901   380
11 0 19.760044 -31.431490 -30.768864 -20.566755   510
11 1 136.754486 -219.258972 -213.691757 -143.085648   510
12 0 26.951698 -42.733803 -41.781750 -28.019665   700
12 1 186.051224 -297.975281 -290.601349 -194.660324   700
13 0 36.345089 -57.475449 -56.293865 -37.829617   940
13 1 251.438004 -401.415405 -391.247528 -263.335297   940
14 0 49.311687 -78.042854 -76.377663 -51.248817   1300
14 1 341.150604 -544.430969 -530.899048 -356.117523   1300
15 0 66.760078 -105.405487 -103.120041 -69.430115   1700
15 1 460.980560 -735.674133 -717.242737 -483.068054   1700
16 0 90.108055 -141.621414 -138.136047 -93.697739   2300
16 1 624.797974 -987.564331 -963.067261 -653.063477   2300
17 0 -75.648140 -36.227795 -37.421349 76.279541   1250
17 1 -525.410583 -246.740631 -257.767426 526.902161   1250
18 0 -95.454926 -46.172661 -47.744453 96.074997   1600
18 1 -664.888245 -316.826813 -330.416595 668.025696   1600
19 0 -123.729073 -58.645012 -60.676785 124.638512   2000
19 1 -864.455383 -405.864899 -422.349884 868.972290   2000
20 0 -173.435150 -83.612991 -85.722977 172.965103   2600
20 1 -1208.338867 -578.838257 -595.897522 1204.317749   2600
21 0 -223.675446 -106.868095 -109.284714 222.874069   3400
21 1 -1559.825806 -737.852966 -760.023315 1552.995972   3400
22 0 -285.829987 -136.815689 -140.250244 284.658875   4300
22 1 -1991.402466 -945.745911 -973.657410 1981.539063   4300
23 0 -351.139221 -168.791840 -173.337250 350.022614   5300
23 1 -2451.001709 -1170.537598 -1204.569702 2436.528564   5300
24 0 -440.359283 -205.399185 -210.293671 440.106201   6700
24 1 -3067.845215 -1419.621704 -1460.921143 3061.494385   6700
25 0 -555.836426 -262.655273 -269.528229 554.535950   8500
25 1 -3877.032471 -1813.822266 -1871.385010 3867.567383   8500
26 0 -715.365295 -342.181000 -350.038818 715.223083   11000
26 1 -4993.468262 -2364.088379 -2433.060547 4984.142578   11000
27 0 -905.111389 -433.106018 -442.101074 906.010864   13500
27 1 -6333.748047 -3001.399902 -3084.817627 6324.461914   13500
28 0 -1143.369995 -545.496399 -557.650574 1142.215088   17500
28 1 -7991.111328 -3783.158936 -3891.034668 7974.528320   17500
29 0 -1466.864258 -700.813660 -714.740662 1467.303467   22000
29 1 -10258.828125 -4855.074219 -4992.583984 10236.691406   22000
30 0 -1865.959717 -889.958252 -908.556091 1864.863281   28000
30 1 -13058.085938 -6167.758789 -6345.916016 13017.930664   28000
31 0 -2367.383301 -1119.445190 -1142.681519 2370.347412   36000
31 1 -16596.699219 -7773.701172 -7989.141602 16556.916016   36000
32 0 -3006.832520 -1425.067627 -1453.456665 3009.849121   45000
32 1 -21109.332031 -9901.489258 -10187.939453 21051.003906   45000
33 0 -3816.973389 -1808.371704 -1841.380249 3817.879395   57000
33 1 -26671.054688 -12495.723633 -12841.368164 26594.683594   57000
34 0 -4845.250977 -2292.891602 -2341.729004 4839.749512   73000
35 0 -6115.522461 -2892.321777 -2954.785156 6103.219238   92000
36 0 -7789.222168 -3690.399414 -3760.720459 7794.406250   120000
StageToCameraMatrix 2 1 1.473184 -18.068098 18.217773 0.995895   0.000000   34
StageToCameraMatrix 4 1 3.190890 -31.465755 31.833466 2.744665   0.000000   62
StageToCameraMatrix 8 0 1.511191 -14.823572 14.826468 1.217027   0.000000   210
StageToCameraMatrix 16 0 15.666292 -162.785416 163.259064 13.053997   0.000000   2300
StageToCameraMatrix 16 1 102.515556 -1128.727295 1145.395630 84.434143   0.000000   2300
StageToCameraMatrix 17 1 2.216699 598.139282 -601.422241 12.100754   0.000263   1250
StageToCameraMatrix 18 0 -0.078457 109.681633 -109.441216 2.283013   0.000215   1600
IntensityToC2Factor 0.957875 1.000000
C2SpotOffset 1 0.030658 0.000000
C2SpotOffset 2 0.018098 0.000000
C2SpotOffset 3 -0.000002 0.000000
C2SpotOffset 4 -0.013072 0.000000
C2SpotOffset 5 -0.026272 0.000000
C2SpotOffset 6 -0.037462 0.000000
C2SpotOffset 7 -0.048362 0.000000
C2SpotOffset 8 -0.054992 0.000000
C2SpotOffset 9 -0.063052 0.000000
C2SpotOffset 10 -0.066202 0.000000
C2SpotOffset 11 -0.069462 0.000000
CrossoverIntensity 1 0.491835 0.000000
CrossoverIntensity 2 0.491395 0.000000
CrossoverIntensity 3 0.490845 0.000000
CrossoverIntensity 4 0.491005 0.000000
CrossoverIntensity 5 0.490905 0.000000
CrossoverIntensity 6 0.490645 0.000000
CrossoverIntensity 7 0.490775 0.000000
CrossoverIntensity 8 0.490605 0.000000
CrossoverIntensity 9 0.490605 0.000000
CrossoverIntensity 10 0.490605 0.000000
CrossoverIntensity 11 0.490615 0.000000
FocusCalibration 30 1 19.259581 -15.495776 1.60 13 0 1   28000
-38.123432 -700.663757 596.478455
-32.123432 -597.678345 504.468536
-26.123432 -492.415497 411.631165
-20.123432 -382.977325 317.719360
-14.123432 -270.772369 223.010727
-8.123432 -156.481918 128.823288
-2.123432 -40.389664 34.566990
3.876568 76.976990 -59.042397
9.876568 195.618713 -152.223694
15.876568 315.102142 -244.214966
21.876568 435.675293 -334.834686
27.876568 556.887085 -424.461670
33.876568 678.649658 -513.282043
STEMnormalizedSlope 0.000000 0.000000
AstigmatismCalib 27 1 -999 -1.000000 3.200000 -0.889758 1.188567 -1.174657 -0.903885 2.827291 28.794489 28.637207 -2.774001 29.050470 -2.304005 -2.904975 -28.601105   13500
ComaCalib 27 1 -999 -1.000000 10.000000 -0.229089 0.080957 -0.261840 -0.067387 -0.109360 0.253936 -0.079150 -0.216746   13500
ComaCalib 34 1 -999 -1.000000 10.000000 -0.399422 -0.054141 0.150143 -0.114817 -0.130497 -0.160272 0.032033 -0.398607   73000
BeamIntensityTable 61 34 9 0 0.000000 0 1   73000
0.037050 0.653846
0.044481 0.640432
0.051760 0.629206
0.062622 0.617679
0.073019 0.608110
0.086979 0.599041
0.103558 0.590455
0.126431 0.581137
0.145760 0.574124
0.167579 0.568792
0.205213 0.562899
0.236885 0.556836
0.274841 0.551914
0.325193 0.547387
0.389929 0.542892
0.466468 0.538484
0.542505 0.534840
0.645464 0.531373
0.757874 0.528325
0.880425 0.525455
1.069752 0.522394
1.238404 0.519937
1.475856 0.517575
1.727314 0.515539
2.079402 0.513468
2.443319 0.511636
2.877929 0.509993
3.410746 0.508462
4.049793 0.507020
4.832957 0.505622
5.968292 0.503923
7.438952 0.502783
8.800709 0.501732
10.195173 0.500884
12.243791 0.500032
14.482658 0.499248
16.882387 0.498589
20.025829 0.497971
23.848097 0.497380
28.224796 0.496833
33.946495 0.496279
40.744045 0.495796
48.373302 0.495341
55.806644 0.494984
67.548965 0.494611
77.535446 0.494328
96.172440 0.493994
111.135803 0.493730
134.750244 0.493457
154.822433 0.493249
186.096970 0.493040
221.210129 0.492841
260.939178 0.492661
308.347321 0.492496
363.193420 0.492348
431.555969 0.492208
508.593933 0.492082
606.681824 0.491960
712.883728 0.491852
838.851807 0.491756
1019.517883 0.491653
BeamIntensityTable 62 34 8 0 0.000000 0 1   73000
0.101837 0.653266
0.121519 0.640139
0.142310 0.628854
0.169897 0.617957
0.201964 0.607678
0.237230 0.598536
0.280712 0.590129
0.332071 0.582407
0.393672 0.575219
0.465080 0.568663
0.555341 0.562297
0.667829 0.556265
0.776465 0.551285
0.913870 0.546840
1.097640 0.542378
1.299160 0.538256
1.536729 0.534461
1.802098 0.531148
2.136012 0.528060
2.552034 0.525048
2.983810 0.522467
3.583629 0.519885
4.211519 0.517599
5.070841 0.515271
5.847275 0.513453
6.967788 0.511704
8.238191 0.510099
9.833308 0.508540
11.565603 0.507153
13.730710 0.505847
16.227659 0.504651
19.058254 0.503596
22.712843 0.502608
27.326538 0.501605
31.835611 0.500765
37.598328 0.499999
45.010742 0.499243
52.959843 0.498568
62.323219 0.497966
73.845581 0.497405
87.230576 0.496893
103.153000 0.496422
122.811020 0.495972
142.802444 0.495599
174.334595 0.495183
202.068314 0.494846
239.988968 0.494528
280.784027 0.494254
340.741791 0.493963
396.222137 0.493722
470.643250 0.493495
556.084595 0.493288
655.263672 0.493101
778.206055 0.492924
919.907227 0.492762
1089.551880 0.492612
1289.453247 0.492475
1526.473145 0.492349
1803.237183 0.492233
2136.990967 0.492126
2517.656738 0.492029
3054.964111 0.491926
BeamIntensityTable 62 34 7 0 0.000000 0 1   73000
0.189297 0.653710
0.222321 0.640904
0.264795 0.628675
0.309124 0.618329
0.369710 0.608203
0.428935 0.599971
0.527708 0.590656
0.616286 0.582743
0.714966 0.576306
0.864015 0.569630
1.018172 0.563625
1.218667 0.557709
1.437321 0.552359
1.690984 0.547593
1.998857 0.543222
2.371759 0.539124
2.774694 0.535598
3.393740 0.531828
3.932844 0.528779
4.785936 0.525498
5.509031 0.522966
6.612678 0.520430
7.851653 0.518043
9.180716 0.515995
10.984474 0.513980
12.908734 0.512196
15.252450 0.510565
18.244339 0.508961
21.525644 0.507541
25.286299 0.506286
29.988205 0.505112
35.640064 0.504001
42.169250 0.502975
50.074291 0.502009
58.385113 0.501195
69.683830 0.500405
82.586914 0.499669
96.910896 0.499024
115.740715 0.498395
135.455917 0.497853
165.134155 0.497263
188.366898 0.496837
230.226883 0.496368
266.094086 0.495996
322.468414 0.495604
379.518860 0.495253
444.066803 0.494951
531.671875 0.494653
622.950562 0.494393
739.222168 0.494150
876.790771 0.493922
1033.423218 0.493717
1218.836792 0.493533
1448.493652 0.493358
1708.257446 0.493200
2023.797241 0.493053
2388.537109 0.492919
2829.821533 0.492795
3343.085693 0.492681
3962.454834 0.492575
4669.274414 0.492480
5654.706543 0.492379
BeamIntensityTable 62 34 6 0 0.000000 0 1   73000
0.461189 0.642047
0.543721 0.630804
0.624621 0.621285
0.767865 0.610520
0.898519 0.601254
1.058219 0.592948
1.260270 0.584995
1.476452 0.578093
1.763080 0.571382
2.097279 0.564995
2.480332 0.559122
2.899376 0.554095
3.431834 0.549275
4.095995 0.544600
4.778134 0.540651
5.784514 0.536511
6.666865 0.533289
8.010785 0.530043
9.488009 0.527031
11.237452 0.524236
13.331530 0.521616
15.692570 0.519273
18.595242 0.517092
21.667028 0.515110
25.230778 0.513455
30.730684 0.511665
36.393402 0.510004
42.238342 0.508647
50.327847 0.507344
59.641582 0.506130
70.790070 0.504988
83.313744 0.503969
98.735420 0.503019
117.251778 0.502124
140.191833 0.501246
166.361160 0.500433
191.022141 0.499816
228.685013 0.499208
273.187378 0.498614
318.497681 0.498114
382.068939 0.497615
448.715607 0.497176
532.375183 0.496763
630.497620 0.496381
741.825317 0.496039
883.249939 0.495713
1038.263672 0.495423
1229.668945 0.495155
1451.641724 0.494911
1717.735962 0.494686
2026.612427 0.494482
2406.681152 0.494289
2838.317871 0.494115
3360.189209 0.493953
3967.639893 0.493806
4695.486816 0.493670
5547.599609 0.493546
6556.380371 0.493432
7769.644531 0.493326
9189.585938 0.493228
10844.480469 0.493139
13150.707031 0.493045
BeamIntensityTable 62 34 5 0 0.000000 0 1   73000
0.528654 0.671903
0.639623 0.657444
0.750491 0.644786
0.891651 0.632835
1.045909 0.622386
1.251664 0.612103
1.468495 0.603099
1.748276 0.594492
2.057648 0.586804
2.439975 0.579621
2.924347 0.572490
3.443544 0.566482
4.170625 0.560171
5.031480 0.553678
6.145113 0.548775
7.241968 0.544359
8.451095 0.540620
10.185990 0.536791
11.988076 0.533370
14.109785 0.530313
16.854799 0.527333
19.771156 0.524724
23.121063 0.522293
27.280329 0.520087
32.725433 0.517885
38.276741 0.515993
45.494583 0.514201
53.504353 0.512606
63.665882 0.511085
75.161263 0.509701
88.805649 0.508434
105.136612 0.507261
124.993713 0.506148
145.515091 0.505221
174.458710 0.504226
203.858368 0.503377
239.265244 0.502631
287.895447 0.501874
337.118927 0.501219
398.240906 0.500620
473.848694 0.500049
560.439941 0.499523
660.842468 0.499048
781.155212 0.498612
928.289734 0.498199
1097.991455 0.497819
1297.151855 0.497472
1530.352783 0.497158
1807.024780 0.496871
2140.916504 0.496604
2529.700439 0.496360
2989.712402 0.496137
3530.295410 0.495933
4174.406250 0.495745
4933.550293 0.495572
5840.501465 0.495412
6895.421875 0.495266
8178.895020 0.495129
9645.648438 0.495005
11433.769531 0.494890
13493.699219 0.494785
16322.458984 0.494676
BeamShiftCalibration 17 0.536378 0.884185 0.863134 -0.526677 -999 1  1250
BeamShiftCalibration 11 -0.374390 1.142100 1.144778 0.374765 -999 1  510
SpotIntensities 8
2 0.000000 0.000000 0.000000 0.000000 0.000000 0.000000
4 0.000000 0.000000 0.000000 0.000000 0.000000 0.000000
5 1.000000 0.552491 0.490905 0.000000 0.000000 0.000000
6 0.537470 0.553661 0.490645 0.000000 0.000000 0.000000
7 0.257147 0.554531 0.490775 0.000000 0.000000 0.000000
8 0.138626 0.554831 0.490605 0.000000 0.000000 0.000000
9 0.047976 0.555141 0.490605 0.000000 0.000000 0.000000
10 0.000000 0.000000 0.000000 0.000000 0.000000 0.000000
StandardLMFocus 13 0.000000 -999.000000 940
StandardLMFocus 17 0.001331 -999.000000 1250
StandardLMFocus 20 0.000805 -999.000000 2600
StandardLMFocus 24 -0.000742 -999.000000 6700
StandardLMFocus 25 0.000137 -999.000000 8500
StandardLMFocus 29 -0.000572 -999.000000 22000
StandardLMFocus 30 0.000169 -999.000000 28000
StandardLMFocus 31 0.002900 -999.000000 36000
StandardLMFocus 32 0.000270 -999.000000 45000
StandardLMFocus 33 0.000119 -999.000000 57000
